4294967278,54
4294967278,53
4294967278,52
4294967278,46
4294967278,45
4294967278,44
4294967278,39
4294967279,55
4294967279,54
4294967279,53
4294967279,52
4294967279,46
4294967279,40
4294967279,15
4294967294,1819
4294967294,17
4294967294,67
4294967294,99
4294967294,76
4294967294,36
4294967294,43
4294967294,26
4294967294,39
4294967294,42
4294967294,5
4294967294,68
4294967294,11
4294967293,131
4294967293,130
4294967293,129
4294967293,128
4294967293,127
4294967293,126
4294967293,125
4294967293,124
4294967293,123
4294967293,122
4294967293,121
4294967293,120
4294967293,119
4294967293,118
4294967293,117
4294967293,116
4294967293,115
4294967293,114
4294967293,113
4294967293,112
4294967293,111
4294967293,110
4294967293,109
4294967293,108
4294967293,107
4294967293,106
4294967293,105
4294967293,104
4294967293,103
4294967293,102
4294967293,101
4294967293,100
4294967293,99
4294967293,98
4294967293,97
4294967293,96
4294967293,95
4294967293,94
4294967293,93
4294967293,92
4294967293,91
4294967293,90
4294967293,89
4294967293,87
4294967293,86
4294967293,85
4294967293,84
4294967293,83
4294967293,82
4294967293,81
4294967293,80
4294967293,79
4294967293,78
4294967293,77
4294967293,76
4294967293,75
4294967293,74
4294967293,73
4294967293,72
4294967294,25
4294967293,71
4294967293,70
4294967293,69
4294967293,68
4294967293,67
4294967293,66
4294967293,65
4294967293,64
4294967293,63
4294967293,62
4294967293,61
4294967293,60
4294967293,59
4294967293,58
4294967293,57
4294967294,41
4294967293,56
4294967294,51
4294967293,55
4294967293,54
4294967293,53
4294967293,52
4294967293,51
4294967293,50
4294967294,1249
4294967294,83
4294967293,49
4294967293,48
4294967293,47
4294967293,46
4294967293,45
4294967293,44
4294967293,43
4294967293,42
4294967293,41
4294967293,40
4294967293,39
4294967293,38
4294967293,37
4294967293,36
4294967293,35
4294967293,34
4294967293,33
4294967293,32
4294967293,31
4294967293,30
4294967293,29
4294967293,28
4294967293,27
4294967293,26
4294967293,25
4294967293,24
4294967293,23
4294967293,22
4294967293,21
4294967293,20
4294967293,19
4294967293,18
4294967293,17
4294967293,16
4294967293,15
4294967293,14
4294967293,13
4294967293,12
4294967293,11
4294967293,10
4294967293,9
4294967293,8
4294967293,7
4294967293,6
4294967293,5
4294967293,4
4294967293,3
4294967278,336
4294967278,132
4294967278,256
4294967278,129
4294967278,332
4294967278,127
4294967278,358
4294967278,123
4294967278,350
4294967278,122
4294967278,530
4294967278,371
4294967278,117
4294967278,227
4294967278,108
4294967278,529
4294967278,418
4294967278,91
4294967278,369
4294967278,85
4294967278,348
4294967278,82
4294967278,523
4294967278,75
4294967278,526
4294967278,65
4294967278,64
4294967278,525
4294967278,50
4294967278,49
4294967278,47
4294967278,528
4294967278,43
4294967278,42
4294967278,40
4294967278,524
4294967278,521
4294967278,531
4294967278,260
4294967278,88
4294967278,347
4294967279,491
4294967279,102
4294967279,91
4294967279,87
4294967279,85
4294967279,488
4294967279,82
4294967279,487
4294967279,81
4294967279,80
4294967279,79
4294967279,78
4294967279,486
4294967279,490
4294967279,51
4294967279,50
4294967279,48
4294967279,47
4294967279,45
4294967279,485
4294967279,44
4294967279,43
4294967279,41
4294967279,39
4294967279,38
4294967279,37
4294967279,36
4294967279,35
4294967279,296
4294967279,34
4294967279,33
4294967279,32
4294967279,31
4294967279,30
4294967279,29
4294967279,28
4294967279,27
4294967279,26
4294967279,25
4294967279,24
4294967279,23
4294967279,22
4294967279,21
4294967279,413
4294967279,20
4294967279,396
4294967279,19
4294967279,426
4294967279,18
4294967279,17
4294967279,16
4294967279,484
4294967279,395
4294967279,14
4294967279,268
4294967279,13
4294967279,283
4294967279,9
4294967279,174
4294967279,88
4294967279,2
4294967279,411
4294967279,474
4294967279,7
4294967279,489
4294967279,281
4294967279,4
4294967294,173
4294967278,92
4294967294,40
4294967294,38
4294967294,37
4294967278,575
4294967278,174
4294967278,0
4294967278,208
29,6
4294967278,206
29,5
29,4
29,3
29,2
29,1
4294967278,527
4294967278,203
4294967294,388
4294967294,208
4294967279,290
4294967279,0
4294967279,89
4294967279,90
4294967278,86
4294967278,355
4294967279,84
4294967278,195
4294967278,194
4294967278,192
4294967294,96
4294967294,94
28,4
28,3
28,2
28,1
4294967294,7
4294967294,6
4294967294,22
4294967294,755
4294967294,12
4294967294,81
4294967294,384
4294967294,188
4294967294,104
4294967294,169
4294967294,172
4294967294,171
4294967294,1853
4294967294,1437
4294967294,1180
4294967278,345
4294967278,522
4294967294,212
4294967294,1537
4294967294,1816
4294967294,1471
4294967294,187
4294967294,413
4294967294,8
4294967294,1814
4294967294,1000
4294967294,1049
4294967294,999
4294967294,998
4294967294,997
4294967294,995
4294967294,994
4294967294,735
4294967294,992
4294967294,990
4294967294,988
4294967294,987
4294967294,986
4294967294,983
4294967294,980
4294967294,979
4294967294,213
4294967294,977
4294967294,975
4294967294,974
4294967294,973
4294967294,972
4294967294,970
4294967294,969
4294967294,968
4294967294,967
4294967294,965
4294967294,963
4294967294,962
4294967294,957
4294967294,956
4294967294,955
4294967294,954
4294967294,731
4294967294,953
4294967294,947
4294967294,944
4294967294,943
4294967294,941
4294967294,938
4294967294,936
4294967294,934
4294967294,933
4294967294,931
4294967294,930
4294967294,0
4294967294,925
4294967294,919
4294967294,918
4294967294,917
4294967294,916
4294967294,915
4294967294,728
4294967294,913
4294967294,1593
4294967294,910
4294967294,909
4294967294,907
4294967294,906
4294967294,904
4294967294,901
4294967294,899
4294967294,898
4294967294,895
4294967294,894
4294967294,893
4294967294,892
4294967294,890
4294967294,888
4294967294,409
4294967294,887
4294967294,1027
4294967294,883
4294967294,881
4294967294,877
4294967294,876
4294967294,874
4294967294,873
4294967294,872
4294967294,869
4294967294,866
4294967294,865
4294967294,863
4294967294,859
4294967294,858
4294967294,1541
4294967294,857
4294967294,855
4294967294,853
4294967294,852
4294967294,851
4294967294,850
4294967294,848
4294967294,733
4294967294,847
4294967294,846
4294967294,723
4294967294,844
4294967294,210
4294967294,841
4294967294,839
4294967294,835
4294967294,721
4294967294,830
4294967294,828
4294967294,827
4294967294,825
4294967294,824
4294967294,822
4294967294,820
4294967294,819
4294967294,816
4294967294,815
4294967294,814
4294967294,812
4294967294,811
4294967294,810
4294967294,809
4294967294,808
4294967294,1540
4294967294,716
4294967294,803
4294967294,799
4294967294,798
4294967294,794
4294967294,784
4294967294,780
4294967294,779
4294967294,777
4294967294,776
4294967294,775
4294967294,711
4294967294,772
4294967294,770
4294967294,769
4294967294,703
4294967294,702
4294967294,186
4294967294,697
4294967294,696
4294967294,713
4294967294,695
4294967294,693
4294967294,692
4294967294,691
4294967294,687
4294967294,684
4294967294,197
4294967294,682
4294967294,681
4294967294,675
4294967294,674
4294967294,672
4294967294,671
4294967294,670
4294967294,667
4294967294,666
4294967294,660
4294967294,657
4294967294,656
4294967294,727
4294967294,654
4294967294,653
4294967294,651
4294967294,649
4294967294,648
4294967294,645
4294967294,644
4294967294,641
4294967294,640
4294967294,638
4294967294,634
4294967294,633
4294967294,631
4294967294,627
4294967294,626
4294967294,705
4294967294,1467
1,0
4294967294,734
4294967294,622
4294967294,620
4294967294,1031
4294967294,722
4294967294,708
4294967294,629
4294967294,615
4294967294,720
4294967294,613
4294967294,719
4294967294,710
4294967294,732
4294967294,608
4294967294,607
4294967294,726
4294967294,709
4294967294,729
4294967294,704
4294967294,605
4294967294,718
4294967294,878
4294967294,706
4294967294,70
4294967294,724
4294967294,72
4294967294,875
4294967294,715
4294967294,71
4294967294,1060
4294967294,193
4294967294,1072
4294967294,206
4294967294,1028
4294967294,1464
4294967294,1844
4294967294,1843
4294967294,205
4294967294,1841
4294967294,1840
4294967294,1053
4294967294,143
4294967294,1462
4294967294,1414
4294967294,203
4294967294,1454
4294967294,1445
4294967294,155
4294967294,1444
4294967294,1599
4294967294,200
4294967294,425
4294967294,581
4294967294,739
4294967294,390
4294967294,1447
4294967294,199
4294967294,1434
4294967294,1596
4294967294,1441
4294967294,159
4294967294,198
4294967294,1594
4294967294,1592
4294967294,1425
4294967294,1824
4294967294,196
4294967294,1429
4294967294,1433
4294967294,1591
4294967294,1417
4294967294,195
4294967294,158
4294967294,1590
4294967294,337
4294967294,336
4294967294,335
4294967294,334
4294967294,333
4294967294,331
4294967294,332
4294967294,330
4294967294,329
4294967294,328
4294967294,327
4294967294,326
4294967294,325
4294967294,324
4294967294,323
4294967294,322
4294967294,321
4294967294,320
4294967294,1177
4294967294,575
4294967294,574
4294967294,573
4294967294,572
4294967294,570
4294967294,571
4294967294,569
4294967294,1176
4294967294,1175
4294967294,568
4294967294,567
4294967294,566
4294967294,565
4294967294,1174
4294967294,564
4294967294,563
4294967294,562
4294967294,561
4294967294,560
4294967294,31
4294967294,1465
4294967294,1225
4294967294,149
4294967294,736
4294967294,1223
4294967294,1228
4294967294,151
4294967294,1442
4294967294,1224
4294967294,157
4294967294,479
4294967278,190
4294967279,77
4294967294,1794
4294967279,429
4294967278,353
4294967279,414
4294967279,278
4294967279,409
4294967279,408
4294967278,344
4294967278,343
4294967279,398
4294967279,277
4294967278,370
4294967279,215
4294967279,385
4294967279,384
4294967279,319
4294967279,479
4294967278,416
4294967279,405
4294967279,316
4294967279,315
4294967279,314
4294967278,368
4294967279,443
4294967279,441
4294967278,311
4294967279,440
4294967279,478
4294967279,437
4294967279,416
4294967279,304
4294967278,299
4294967279,303
4294967279,401
4294967279,399
4294967278,365
4294967279,300
4294967278,384
4294967279,299
4294967279,298
4294967278,356
4294967278,352
4294967279,295
4294967279,294
4294967279,293
4294967278,277
4294967279,301
4294967279,291
4294967278,346
4294967278,338
4294967278,262
4294967294,1229
4294967294,1026
4294967279,76
